/usr/local/bin/python3.8 /Users/nguyendat/PycharmProjects/pythonProject/test.py 
Warning : `load_model` does not return WordVectorModel or SupervisedModel any more, but a `FastText` object which is very similar.
0.7006089
0.9999999
0.9999999
0.99999994
0.71612686
0.592867
0.9999999
0.9999999
0.9999999
0.50037926
0.99999994
0.9999999
0.9999999
0.5685741
0.9999999
0.5996641
0.9999999
0.9999999
0.71612686
0.568574
0.71021026
0.5647469
0.7516527
0.71021026
0.9999999
0.63088626
0.4175
0.5685741
0.9999999
0.72011304
0.5647469
0.9999999
0.9999999
0.9999999
0.99999994
0.71612686
0.9999999
0.72930914
0.9999999
0.48746783
0.5685741
0.7297066
0.6482128
0.7135303
0.9999999
0.9999999
0.9999999
0.7245934
0.6130117
0.52988994
0.61805
0.6482128
0.7135303
0.9999999
0.7627542
0.7245934
0.6130118
0.568574
0.99999994
0.9999999
0.9999999
0.9999999
0.55636233
0.9999999
0.99999994
0.7245934
0.71612686
0.99999994
0.592867
0.9999999
0.9999999
0.9999999
0.5685741
0.9999999
0.5647469
0.7516527
0.9999999
0.63088626
0.4175
0.4508446
0.6439798
0.9999999
0.7135303
0.768605
0.9999999
0.99999994
0.42592853
0.9999999
0.9999999
0.9999999
0.9999999
0.9999999
0.9999999
0.9999999
0.99999994
0.9999999
0.9999999
0.9999999
0.9999999
0.99999994
0.9999999
0.71612686
0.9999999
0.46454275
0.9999999
0.7236376
0.99999994
0.9999999
0.99999994
0.9999999
0.9999999
0.9999999
0.9999999
0.99999994
0.7245934
0.99999994
0.9999999
0.47968152
0.68955445
0.55636233
0.9999999
0.9999999
0.7245934
0.99999994
0.49680427
0.6804527
0.5464482
0.9999999
0.7245934
0.99999994
0.5685741
0.9999999
0.5647469
0.99999994
0.99999994
0.7245934
0.601634

Process finished with exit code 0
